1.543000000000000000e+18 1.311559059994946700e+06
3.086000000000000000e+18 9.274123052490807604e+05
4.629000000000000000e+18 7.572289763461750699e+05
6.172000000000000000e+18 6.557795299974733498e+05
7.715000000000000000e+18 5.865470429308852181e+05
9.258000000000000000e+18 5.354417440853281878e+05
1.080100000000000000e+19 4.957227289314675145e+05
1.234400000000000000e+19 4.637061526245403802e+05
1.388700000000000000e+19 4.371863533316489193e+05
1.543000000000000000e+19 4.147513915413459181e+05
1.697300000000000205e+19 3.954499356722241500e+05
1.851600000000000000e+19 3.786144881730875350e+05
2.005900000000000000e+19 3.637610339700870099e+05
2.160200000000000000e+19 3.505289032157413894e+05
2.314500000000000000e+19 3.386430931285255356e+05
2.468800000000000000e+19 3.278897649987366749e+05
2.623100000000000000e+19 3.180997963879397721e+05
2.777400000000000000e+19 3.091374350830269395e+05
2.931700000000000000e+19 3.008922842633248656e+05
3.086000000000000000e+19 2.932735214654426090e+05
3.240300000000000000e+19 2.862056509919986711e+05
3.394600000000000410e+19 2.796253311336136539e+05
3.548899999999999590e+19 2.734789688960941276e+05
3.703200000000000000e+19 2.677208720426640939e+05
3.857500000000000000e+19 2.623118119989893166e+05
4.011800000000000000e+19 2.572178938516786147e+05
4.166100000000000000e+19 2.524096587820583663e+05
4.320400000000000000e+19 2.478613644657337572e+05
4.474700000000000000e+19 2.435504031849378953e+05
4.629000000000000000e+19 2.394568275531679392e+05
4.783300000000000000e+19 2.355629610963454179e+05
4.937600000000000000e+19 2.318530763122701901e+05
5.091900000000000000e+19 2.283131268113788101e+05
5.246200000000000000e+19 2.249305231199722330e+05
5.400500000000000000e+19 2.216939439764925919e+05
5.554800000000000000e+19 2.185931766658244596e+05
5.709100000000000000e+19 2.156189812543355802e+05
5.863400000000000000e+19 2.127629746093073045e+05
6.017700000000000000e+19 2.100175308833263407e+05
6.172000000000000000e+19 2.073756957706729590e+05
6.326299999999999181e+19 2.048311123384948296e+05
6.480600000000000000e+19 2.023779566303525644e+05
6.634900000000000000e+19 2.000108815560042567e+05
6.789200000000000819e+19 1.977249678361120750e+05
6.943500000000000000e+19 1.955156809769617394e+05
7.097799999999999181e+19 1.933788334183330589e+05
7.252100000000000000e+19 1.913105511351494933e+05
7.406400000000000000e+19 1.893072440865437675e+05
7.560700000000000000e+19 1.873655799992781249e+05
7.715000000000000000e+19 1.854824610498161637e+05
7.869300000000000000e+19 1.836550030737421475e+05
8.023600000000000000e+19 1.818805169850435050e+05
8.177900000000000000e+19 1.801564921329183562e+05
8.332200000000000000e+19 1.784805813617760723e+05
8.486500000000000000e+19 1.768505875722024357e+05
8.640800000000000000e+19 1.752644516078706947e+05
8.795100000000000000e+19 1.737202413165119942e+05
8.949400000000000000e+19 1.722161416527873080e+05
9.103700000000000000e+19 1.707504457077751576e+05
9.258000000000000000e+19 1.693215465642627678e+05
9.412300000000000000e+19 1.679279298894749081e+05
9.566600000000000000e+19 1.665681671876087203e+05
9.720900000000000000e+19 1.652409096438224951e+05
9.875200000000000000e+19 1.639448824993683374e+05
1.002950000000000000e+20 1.626788799045449414e+05
1.018380000000000000e+20 1.614417602022300998e+05
1.033810000000000000e+20 1.602324416000606434e+05
1.049240000000000000e+20 1.590498981939698861e+05
1.064670000000000000e+20 1.578931563098612241e+05
1.080100000000000000e+20 1.567612911337684782e+05
1.095530000000000000e+20 1.556534236039974494e+05
1.110960000000000000e+20 1.545687175415134698e+05
1.126390000000000000e+20 1.535063769972872105e+05
1.141820000000000000e+20 1.524656437974757573e+05
1.157250000000000000e+20 1.514457952692350082e+05
1.172680000000000000e+20 1.504461421316624328e+05
1.188110000000000000e+20 1.494660265378850163e+05
1.203540000000000000e+20 1.485048202556552133e+05
1.218970000000000000e+20 1.475619229750223749e+05
1.234400000000000000e+20 1.466367607327213045e+05
1.249830000000000000e+20 1.457287844438829925e+05
1.265259999999999836e+20 1.448374685325332102e+05
1.280690000000000164e+20 1.439623096531192132e+05
1.296120000000000000e+20 1.431028254959993355e+05
1.311550000000000000e+20 1.422585536704550905e+05
1.326980000000000000e+20 1.414290506593499740e+05
1.342409999999999836e+20 1.406138908400657820e+05
1.357840000000000164e+20 1.398126655668068270e+05
1.373270000000000000e+20 1.390249823097777844e+05
1.388700000000000000e+20 1.382504638471153157e+05
1.404130000000000000e+20 1.374887475057955307e+05
1.419559999999999836e+20 1.367394844480470638e+05
1.434990000000000164e+20 1.360023390000803338e+05
1.450420000000000000e+20 1.352769880201999622e+05
1.465850000000000000e+20 1.345631203035969229e+05
1.481280000000000000e+20 1.338604360213320469e+05
1.496710000000000000e+20 1.331686461912123486e+05
1.512140000000000000e+20 1.324874721784401045e+05
1.527570000000000000e+20 1.318166452240747167e+05
1.543000000000000000e+20 1.311559059994946583e+05
1.558430000000000000e+20 1.305050041851826390e+05
1.573860000000000000e+20 1.298636980722793087e+05
1.589290000000000000e+20 1.292317541854659794e+05
1.604720000000000000e+20 1.286089469258393074e+05
1.620150000000000000e+20 1.279950582325378200e+05
1.635580000000000000e+20 1.273898772619674710e+05
1.651010000000000000e+20 1.267932000835545768e+05
1.666440000000000000e+20 1.262048293910291832e+05
1.681870000000000000e+20 1.256245742283105210e+05
1.697300000000000000e+20 1.250522497291297041e+05
1.712730000000000000e+20 1.244876768695835199e+05
1.728160000000000000e+20 1.239306822328668786e+05
1.743590000000000000e+20 1.233810977854820958e+05
1.759020000000000000e+20 1.228387606642690953e+05
1.774450000000000000e+20 1.223035129736434028e+05
1.789880000000000000e+20 1.217752015924689476e+05
1.805310000000000000e+20 1.212536779900289985e+05
1.820740000000000000e+20 1.207387980505932355e+05
1.836170000000000000e+20 1.202304219061101321e+05
1.851600000000000000e+20 1.197284137765839696e+05
1.867030000000000000e+20 1.192326418177224259e+05
1.882460000000000000e+20 1.187429779754668270e+05
1.897890000000000000e+20 1.182592978470404632e+05
1.913320000000000000e+20 1.177814805481727090e+05
1.928750000000000000e+20 1.173094085861770436e+05
1.944180000000000000e+20 1.168429677385804680e+05
1.959610000000000000e+20 1.163820469370195351e+05
1.975040000000000000e+20 1.159265381561350951e+05
1.990470000000000000e+20 1.154763363072134089e+05
2.005900000000000000e+20 1.150313391363357077e+05
2.021330000000000000e+20 1.145914471268122579e+05
2.036760000000000000e+20 1.141565634056894050e+05
2.052190000000000000e+20 1.137265936541301780e+05
2.067620000000000000e+20 1.133014460214803403e+05
2.083050000000000000e+20 1.128810310428418452e+05
2.098480000000000000e+20 1.124652615599861165e+05
2.113910000000000000e+20 1.120540526454479404e+05
2.129340000000000000e+20 1.116473215296503913e+05
2.144770000000000000e+20 1.112449875309182680e+05
2.160200000000000000e+20 1.108469719882462960e+05
2.175630000000000000e+20 1.104531981966942258e+05
2.191060000000000000e+20 1.100635913452888199e+05
2.206490000000000000e+20 1.096780784573184937e+05
2.221920000000000000e+20 1.092965883329122298e+05
2.237350000000000000e+20 1.089190514938004926e+05
2.252780000000000000e+20 1.085454001301604440e+05
2.268210000000000000e+20 1.081755680494535773e+05
2.283640000000000000e+20 1.078094906271677901e+05
2.299070000000000000e+20 1.074471047593807743e+05
2.314500000000000000e+20 1.070883488170656346e+05
2.329930000000000000e+20 1.067331626020638359e+05
2.345360000000000000e+20 1.063814873046536522e+05
2.360790000000000000e+20 1.060332654626465810e+05
2.376220000000000000e+20 1.056884409219469671e+05
2.391650000000000000e+20 1.053469587985133403e+05
2.407080000000000000e+20 1.050087654416631703e+05
2.422510000000000000e+20 1.046738083986650163e+05
2.437940000000000000e+20 1.043420363805653324e+05
2.453370000000000000e+20 1.040133992291991017e+05
2.468800000000000000e+20 1.036878478853364795e+05
2.484230000000000328e+20 1.033653343579190405e+05
2.499660000000000000e+20 1.030458116943423083e+05
2.515090000000000000e+20 1.027292339517424407e+05
2.530519999999999672e+20 1.024155561692474148e+05
2.545950000000000000e+20 1.021047343411545589e+05
2.561380000000000328e+20 1.017967253909981664e+05
2.576810000000000000e+20 1.014914871464723692e+05
2.592240000000000000e+20 1.011889783151762822e+05
2.607669999999999672e+20 1.008891584611497528e+05
2.623100000000000000e+20 1.005919879821692011e+05
2.638530000000000328e+20 1.002974280877749406e+05
2.653960000000000000e+20 1.000054407780021284e+05
2.669390000000000000e+20 9.971598882278871315e+04
2.684819999999999672e+20 9.942903574203548487e+04
2.700250000000000000e+20 9.914454578629349999e+04
2.715680000000000328e+20 9.886248391805603751e+04
2.731110000000000000e+20 9.858281579363257333e+04
2.746540000000000000e+20 9.830550774558368721e+04
2.761969999999999672e+20 9.803052676569648611e+04
2.777400000000000000e+20 9.775784048848086968e+04
2.792830000000000328e+20 9.748741717516799690e+04
2.808260000000000000e+20 9.721922569819304044e+04
2.823690000000000000e+20 9.695323552614494110e+04
2.839119999999999672e+20 9.668941670916652947e+04
2.854550000000000000e+20 9.642773986478945881e+04
2.869980000000000328e+20 9.616817616418846592e+04
2.885410000000000000e+20 9.591069731884055363e+04
2.900840000000000000e+20 9.565527556757474667e+04
2.916269999999999672e+20 9.540188366399955703e+04
2.931700000000000000e+20 9.515049486429458193e+04
2.947130000000000328e+20 9.490108291535431636e+04
2.962560000000000000e+20 9.465362204327188374e+04
2.977990000000000328e+20 9.440808694215146534e+04
2.993420000000000000e+20 9.416445276323833968e+04
3.008849999999999672e+20 9.392269510435583652e+04
3.024280000000000000e+20 9.368278999963906244e+04
3.039709999999999672e+20 9.344471390955576499e+04
3.055140000000000000e+20 9.320844371120457072e+04
3.070569999999999672e+20 9.297395668888182263e+04
3.086000000000000000e+20 9.274123052490808186e+04
3.101430000000000328e+20 9.251024329070599924e+04
3.116860000000000000e+20 9.228097343812140753e+04
3.132290000000000328e+20 9.205339979097986361e+04
3.147720000000000000e+20 9.182750153687107377e+04
3.163150000000000328e+20 9.160325821915405686e+04
3.178580000000000000e+20 9.138064972917598789e+04
3.194009999999999672e+20 9.115965629869804252e+04
3.209440000000000000e+20 9.094025849252175249e+04
3.224869999999999672e+20 9.072243720130974543e+04
3.240300000000000000e+20 9.050617363459452463e+04
3.255730000000000328e+20 9.029144931396990432e+04
3.271160000000000000e+20 9.007824606645917811e+04
3.286590000000000328e+20 8.986654601805478160e+04
3.302020000000000000e+20 8.965633158742416708e+04
3.317449999999999672e+20 8.944758547977689886e+04
3.332880000000000000e+20 8.924029068088803615e+04
3.348309999999999672e+20 8.903443045127329242e+04
3.363740000000000000e+20 8.882998832051115460e+04
3.379169999999999672e+20 8.862694808170794568e+04
3.394600000000000000e+20 8.842529378610121785e+04
3.410030000000000328e+20 8.822500973779780907e+04
3.425460000000000000e+20 8.802608048864222656e+04
3.440890000000000328e+20 8.782849083321190847e+04
3.456320000000000000e+20 8.763222580393534736e+04
3.471750000000000328e+20 8.743727066632978676e+04
3.487180000000000000e+20 8.724361091435491107e+04
3.502609999999999672e+20 8.705123226587924000e+04
3.518040000000000000e+20 8.686012065825599711e+04
3.533469999999999672e+20 8.667026224400538194e+04
3.548900000000000000e+20 8.648164338660014619e+04
3.564330000000000328e+20 8.629425065635165083e+04
3.579760000000000000e+20 8.610807082639365399e+04
3.595190000000000328e+20 8.592309086876078800e+04
3.610620000000000000e+20 8.573929795055952854e+04
3.626049999999999672e+20 8.555667943022875988e+04
3.641480000000000000e+20 8.537522285388757882e+04
3.656909999999999672e+20 8.519491595176799456e+04
3.672340000000000000e+20 8.501574663473010878e+04
3.687769999999999672e+20 8.483770299085763691e+04
3.703200000000000000e+20 8.466077328213138389e+04
3.718630000000000328e+20 8.448494594117898669e+04
3.734060000000000000e+20 8.431020956809824565e+04
3.749490000000000328e+20 8.413655292735277908e+04
3.764920000000000000e+20 8.396396494473745406e+04
3.780350000000000328e+20 8.379243470441216778e+04
3.795780000000000000e+20 8.362195144600198546e+04
3.811209999999999672e+20 8.345250456176185980e+04
3.826640000000000000e+20 8.328408359380436013e+04
3.842069999999999672e+20 8.311667823138865060e+04
3.857500000000000000e+20 8.295027830826918944e+04
3.872930000000000328e+20 8.278487380010262132e+04
3.888360000000000000e+20 8.262045482191124756e+04
3.903790000000000328e+20 8.245701162560172088e+04
3.919220000000000000e+20 8.229453459753758216e+04
3.934649999999999672e+20 8.213301425616406777e+04
3.950080000000000000e+20 8.197244124968416872e+04
3.965509999999999672e+20 8.181280635378438456e+04
3.980940000000000000e+20 8.165410046940893517e+04
3.996369999999999672e+20 8.149631462058139732e+04
4.011800000000000000e+20 8.133943995227247069e+04
4.027230000000000328e+20 8.118346772831262206e+04
4.042660000000000000e+20 8.102838932934866170e+04
4.058090000000000328e+20 8.087419625084307336e+04
4.073520000000000000e+20 8.072088010111504991e+04
4.088950000000000328e+20 8.056843259942230361e+04
4.104380000000000000e+20 8.041684557408242836e+04
4.119809999999999672e+20 8.026611096063317382e+04
4.135240000000000000e+20 8.011622080003032170e+04
4.150669999999999672e+20 7.996716723688264028e+04
4.166100000000000000e+20 7.981894251772265125e+04
4.181530000000000328e+20 7.967153898931265576e+04
4.196960000000000000e+20 7.952494909698494303e+04
4.212390000000000328e+20 7.937916538301554101e+04
4.227820000000000000e+20 7.923418048503063619e+04
4.243249999999999672e+20 7.908998713444483292e+04
4.258680000000000000e+20 7.894657815493061207e+04
4.274109999999999672e+20 7.880394646091821778e+04
4.289540000000000000e+20 7.866208505612523004e+04
4.304969999999999672e+20 7.852098703211513930e+04
4.320400000000000000e+20 7.838064556688423909e+04
4.335830000000000328e+20 7.824105392347631278e+04
4.351260000000000000e+20 7.810220544862422685e+04
4.366690000000000328e+20 7.796409357141799410e+04
4.382120000000000000e+20 7.782671180199872470e+04
4.397550000000000328e+20 7.769005373027767928e+04
4.412980000000000000e+20 7.755411302468010399e+04
4.428409999999999672e+20 7.741888343091301795e+04
4.443840000000000000e+20 7.728435877075673488e+04
4.459269999999999672e+20 7.715053294087923132e+04
4.474700000000000000e+20 7.701739991167308472e+04
4.490130000000000328e+20 7.688495372611447237e+04
4.505560000000000000e+20 7.675318849864360527e+04
4.520990000000000328e+20 7.662209841406616033e+04
4.536420000000000000e+20 7.649167772647544916e+04
4.551849999999999672e+20 7.636192075819449383e+04
4.567280000000000000e+20 7.623282189873787866e+04
4.582709999999999672e+20 7.610437560379294155e+04
4.598140000000000000e+20 7.597657639421950444e+04
4.613569999999999672e+20 7.584941885506836115e+04
4.629000000000000000e+20 7.572289763461750408e+04
4.644430000000000328e+20 7.559700744342610415e+04
4.659860000000000000e+20 7.547174305340574938e+04
4.675290000000000328e+20 7.534709929690843273e+04
4.690720000000000000e+20 7.522307106583121640e+04
4.706150000000000328e+20 7.509965331073691777e+04
4.721580000000000000e+20 7.497684103999074432e+04
4.737009999999999672e+20 7.485462931891222252e+04
4.752440000000000000e+20 7.473301326894250815e+04
4.767869999999999672e+20 7.461198806682633585e+04
4.783300000000000000e+20 7.449154894380860787e+04
4.798730000000000328e+20 7.437169118484520004e+04
4.814160000000000000e+20 7.425241012782760663e+04
4.829590000000000328e+20 7.413370116282130766e+04
4.845020000000000000e+20 7.401555973131742212e+04
4.860449999999999672e+20 7.389798132549753063e+04
4.875880000000000000e+20 7.378096148751118744e+04
4.891309999999999672e+20 7.366449580876604887e+04
4.906740000000000000e+20 7.354857992923029815e+04
4.922169999999999672e+20 7.343320953674707562e+04
4.937600000000000000e+20 7.331838036636065226e+04
4.953030000000000328e+20 7.320408819965430303e+04
4.968460000000000655e+20 7.309032886409938510e+04
4.983889999999999672e+20 7.297709823241547565e+04
4.999320000000000000e+20 7.286439222194149625e+04
5.014750000000000328e+20 7.275220679401740199e+04
5.030180000000000000e+20 7.264053795337639167e+04
5.045610000000000328e+20 7.252938174754718784e+04
5.061039999999999345e+20 7.241873426626660512e+04
5.076469999999999672e+20 7.230859164090159175e+04
5.091900000000000000e+20 7.219895004388134112e+04
5.107330000000000328e+20 7.208980568813845457e+04
5.122760000000000655e+20 7.198115482655960659e+04
5.138189999999999672e+20 7.187299375144520309e+04
5.153620000000000000e+20 7.176531879397794546e+04
5.169049999999999672e+20 7.165812632370015490e+04
5.184480000000000000e+20 7.155141274799966777e+04
5.199910000000000328e+20 7.144517451160404016e+04
5.215339999999999345e+20 7.133940809608313430e+04
5.230769999999999672e+20 7.123411001935962122e+04
5.246200000000000000e+20 7.112927683522754523e+04
